# GNSS velocities, Western Anatolia — extracted from NGL MIDAS (UNR)
# source : https://geodesy.unr.edu/velocities/midas.IGS14.txt  (MIDAS5)
# frames : IGS14 (=ITRF2014) and Eurasia-fixed (ITRF2014-PMM pole, Altamimi+2017)
# units  : mm/yr ; Eurasia omega(mas/yr)=(-0.085,-0.531,0.770)
# cols   : sta lon lat Ve_igs14 Vn_igs14 Ve_eur Vn_eur sVe sVn Vu sVu span_yr ngood in_tightbox
GVDS    24.0812  34.8315    7.44  -13.08  -17.30  -27.00  0.76  0.55    2.52  2.93  1.62    448 0
AKYR    24.9126  34.9808    8.96  -14.81  -15.89  -28.59  0.48  0.47   -0.83  1.61  3.91   1056 0
SIVA    24.8120  35.0177    8.01  -13.79  -16.81  -27.59  0.56  0.82   -0.35  2.28  6.14    864 0
MOI2    24.8721  35.0502    8.01  -15.49  -16.81  -29.28  1.66  2.71   -7.88  6.97  2.57     66 0
IERA    25.7972  35.0531    9.59  -13.91  -15.36  -27.55  0.68  0.61   -5.53  2.30 14.23   1443 0
MOIR    24.8778  35.0539    6.93  -13.76  -17.90  -27.55  0.49  0.54   -2.12  1.79  2.48    779 0
ZKRO    26.2170  35.1149    9.11  -14.77  -15.89  -28.34  0.68  0.66    0.66  2.70  6.14   1451 0
ARK1    25.2689  35.1340   11.37  -22.16  -13.50  -35.89  0.78  1.66   -0.86  3.65  9.59    323 0
SFAK    24.1377  35.2007    7.94  -11.80  -16.77  -25.71  1.71  1.46   -6.05  8.08  2.72    375 0
GYUR    32.9895  35.2012   20.97   13.80   -4.91    1.46  0.52  0.29   -2.40  0.93 14.73   1941 0
SIT1    26.1061  35.2048    8.08  -13.36  -16.91  -26.94  0.86  0.85   -3.83  2.50 10.46    505 0
ANOP    24.0960  35.2180    7.80  -11.57  -16.90  -25.49  0.56  0.50    0.24  1.96  4.54   1183 0
NEA1    25.6104  35.2614    7.10  -13.47  -17.81  -27.14  0.43  0.46   -0.10  1.40  8.01   1883 0
IDI0    24.8904  35.2888    8.45  -12.41  -16.35  -26.20  0.52  0.65   -2.67  1.69  5.21    608 0
HERA    25.1415  35.3241    8.58  -13.51  -16.25  -27.26  0.38  0.44   -3.99  1.75 12.41   1143 0
RETH    24.6131  35.3878    9.78  -14.16  -14.98  -27.99  0.74  0.56   -3.43  1.43 14.45   1560 0
VAM0    24.1988  35.4057    7.05  -13.12  -17.65  -27.02  1.12  1.00    0.13  2.73  9.42    574 0
KRP1    27.1203  35.4805   11.05  -17.41  -14.04  -30.83  1.00  0.97    0.39  3.94  3.20    403 0
TUC2    24.0706  35.5332    8.17  -11.54  -16.50  -25.46  0.21  0.21   -0.34  0.71 20.01   4516 0
KRPS    27.1611  35.5471   11.59  -17.23  -13.50  -30.64  0.64  0.55   -1.40  2.01  3.21    946 0
KATC    27.7808  35.9515   15.99  -15.46   -9.15  -28.76  0.30  0.31   -0.44  1.10 14.20   3235 0
ANMU    32.8651  36.0690   15.77   13.52  -10.02    1.15  0.18  0.19   -0.43  0.60 15.04   2422 0
RODO    28.1617  36.2926   14.39  -11.86  -10.76  -25.09  0.32  0.32    0.32  1.06 13.40   1846 1
FINI    30.1464  36.3022   15.37    6.08  -10.04   -6.80  0.34  0.45   -1.81  1.17 15.04   2086 1
SNTR    25.3571  36.3577    7.09  -14.59  -17.66  -28.30  0.35  0.35    2.49  1.29 10.42   1982 0
TILO    27.3937  36.3804   12.41  -16.54  -12.62  -29.91  0.26  0.26   -0.54  0.77 11.12   2731 1
THIR    25.4525  36.3849    2.64  -20.67  -22.12  -34.37  0.93  0.71    7.46  2.31  2.95    351 0
WNRY    25.4367  36.3874    8.46  -17.66  -16.30  -31.36  0.58  0.62    9.08  2.15  4.96    949 0
PKMN    25.3846  36.3961    7.28  -15.32  -17.47  -29.02  0.49  0.51    2.30  1.47  7.64   1404 0
MKMN    25.4013  36.4085    7.00  -16.63  -17.75  -30.33  1.10  1.20   -1.16  2.52  3.06    519 0
KERA    25.3481  36.4178    6.54  -14.88  -18.20  -28.59  0.55  0.42    2.15  1.40  9.80   1919 0
NOMI    25.4286  36.4217    7.31  -16.24  -17.45  -29.95  0.53  0.31    3.21  1.30  9.70   2137 0
SAN6    25.4226  36.4336    5.61  -15.28  -19.14  -28.98  0.36  0.26    1.25  0.83 13.04   2614 0
RIBA    25.3436  36.4550    5.82  -14.04  -18.92  -27.76  0.53  0.48    4.07  1.62  4.49   1060 0
MOZI    25.4221  36.4555    7.46  -14.21  -17.29  -27.91  1.25  1.26   12.19  3.25  3.28    640 0
DSLN    25.3892  36.4609    5.08  -15.88  -19.66  -29.58  0.64  1.19   11.71  4.80  3.00    509 0
ASTY    26.3533  36.5451    9.47  -15.18  -15.40  -28.73  1.52  1.44    3.47  5.01  7.04     72 1
AST5    26.3509  36.5486    9.41  -15.73  -15.46  -29.27  0.73  0.86   -1.96  2.77  3.72    498 1
NISY    27.1321  36.6109   11.35  -20.84  -13.63  -34.25  0.58  0.47   -9.27  0.83  6.43   1402 1
FETH    29.1238  36.6262   10.68   -2.28  -14.56  -15.35  0.25  0.29   -2.36  0.85 15.04   2271 1
SARV    32.6173  36.6967   13.63   12.63  -12.08    0.22  0.28  0.40   -1.42  0.76 14.32   2438 0
DATC    27.6918  36.7086   10.68  -14.60  -14.36  -27.91  0.38  0.43   -3.85  1.74 15.08   2013 1
MIL7    24.4313  36.7422    7.49  -12.76  -17.08  -26.63  0.33  0.35   -2.57  1.09 13.18   1855 0
MLOS    24.5191  36.7468    6.54  -12.70  -18.05  -26.55  0.38  0.40    0.34  1.35  3.61   1097 0
ANTA    30.6094  36.8285   12.40    5.79  -13.02   -7.01  0.41  0.37   -3.17  1.59  4.05   1012 1
ANTL    30.6664  36.8884   12.37    6.86  -13.06   -5.92  0.23  0.24   -1.92  0.78 15.04   2277 1
KALY    26.9762  36.9558    7.92  -13.75  -16.99  -27.19  0.53  0.65    0.19  2.44 10.80   1157 1
AKS1    31.7875  37.0477   11.90    9.41  -13.66   -3.16  0.59  0.71   -0.76  1.03 14.88   2275 0
NAXO    25.3812  37.0982    7.04  -12.65  -17.63  -26.36  0.33  0.36   -2.15  1.35 13.27   1854 0
CAVD    29.6902  37.1564    8.02    4.43  -17.25   -8.53  0.36  0.43    0.51  1.35  3.88   1160 1
CAV1    29.6885  37.1593    7.65    3.76  -17.62   -9.20  0.38  0.55   -0.20  1.34  2.90    935 1
MUG1    28.3557  37.2143    5.55   -4.38  -19.52  -17.58  0.61  0.55   -0.28  1.92  2.66    217 1
MUGL    28.3644  37.2164    5.97   -4.92  -19.11  -18.12  0.42  0.52    0.11  1.02  6.79   2012 1
DIDI    27.2687  37.3721    5.76  -11.49  -19.15  -24.89  0.20  0.25   -2.30  0.70 15.04   2238 1
SYRO    24.8850  37.3931    7.49  -12.74  -17.07  -26.53  0.64  0.49   -2.42  2.05  2.48    565 0
SYR1    24.9394  37.4403    7.40  -12.95  -17.16  -26.73  1.12  0.90   -0.76  2.74  2.72    399 0
MYKN    25.3291  37.4416    7.47  -13.53  -17.15  -27.25  0.64  0.84    1.85  3.00  3.20    631 0
IKAR    26.2242  37.6282    6.24  -14.67  -18.49  -28.24  0.64  0.68    0.98  2.09  3.72    929 1
BEYS    31.7466  37.6773    8.62    9.18  -16.87   -3.40  0.19  0.21   -0.32  0.56 15.04   2330 0
DNZL    29.0921  37.7621    4.43    1.86  -20.68  -11.21  0.33  0.49    4.58  1.10  6.79   2080 1
DNZ1    29.0437  37.7788    3.11    0.17  -22.00  -12.91  0.48  0.64   -3.78  2.20  3.33    218 1
ISPT    30.5670  37.7851    5.50    6.03  -19.82   -6.77  0.30  0.27   -1.79  0.84  6.79   2203 1
SAM3    26.7053  37.7928    4.81  -10.82  -19.96  -24.30  0.46  0.65    2.20  1.45 12.90   1980 1
AYD1    27.8379  37.8407    3.87   -3.57  -21.06  -16.86  0.26  0.26   -1.46  1.04  6.79   2119 1
KNY1    32.4764  37.8594    3.89   22.83  -21.68   10.39  0.14  0.31  -53.79  0.56  9.12    607 0
ANDR    24.7371  37.8864    7.77  -12.11  -16.70  -25.92  0.41  0.61   -2.46  1.79 13.65   2323 0
KONY    32.5052  38.0222    7.80   12.19  -17.76   -0.25  0.26  0.24    0.39  0.78 14.32   1636 0
DINA    30.1663  38.0695    4.70    6.63  -20.53   -6.25  0.22  0.23   -1.41  0.72 15.04   2456 1
CESM    26.3726  38.3038    5.05   -8.46  -19.61  -22.01  0.23  0.24   -1.17  0.86  6.79   2060 1
XIOS    26.1272  38.3679    5.24   -8.15  -19.38  -21.73  0.41  0.43    0.16  1.43 10.80   1632 1
AKHR    31.4297  38.3693    3.34    7.33  -22.03   -5.31  0.30  0.23   -5.04  0.65 15.04   2575 0
IZMI    27.0818  38.3948    2.71   -3.29  -22.05  -16.71  0.20  0.22    0.08  0.71 16.13   4121 1
MNTS    26.7174  38.4266    4.65   -5.37  -20.05  -18.86  0.62  0.80   -3.61  2.25  1.49    326 1
SALH    28.1235  38.4831    0.17    1.61  -24.73  -11.63  0.32  0.28   -5.83  0.93 14.32   2292 1
KYMI    24.1052  38.6349   10.91  -10.15  -13.37  -24.07  1.20  0.88    2.73  3.90  9.24    684 0
CIHA    32.9224  38.6504    5.45   12.63  -20.10    0.27  0.20  0.20   -2.66  0.47 15.04   2585 0
USK1    29.3988  38.6790    5.99   12.66  -19.07   -0.36  0.70  0.54  -12.85  1.53  2.66    203 1
USAK    29.4052  38.6792    2.58    3.94  -22.47   -9.08  0.27  0.31    1.69  0.98  6.79   2091 1
AFYN    30.5610  38.7384    3.25    8.46  -21.97   -4.35  0.31  0.32   -1.08  0.74 15.04   2496 1
YUN1    31.7317  38.8162    4.79    9.25  -20.58   -3.34  0.93  1.04    1.29  2.74  1.64    218 0
YUNK    31.7263  38.8205    3.98    9.43  -21.38   -3.16  0.24  0.27   -1.33  0.67  6.79   2171 0
SKYR    24.5646  38.9044   10.34   -9.95  -13.98  -23.79  0.26  0.29    0.49  0.87 11.83   2919 0
EMIR    31.1440  39.0222    3.21    9.42  -22.05   -3.28  0.21  0.24   -0.81  0.84  6.75   2275 0
DEIR    28.6484  39.0349    1.89    5.42  -23.01   -7.73  0.27  0.29   -0.67  1.09  6.41   1744 1
DEI1    28.6627  39.0509    4.10    8.65  -20.81   -4.49  0.64  0.57   -3.44  1.92  3.41    201 1
LES4    26.5538  39.1001    7.86    5.81  -16.73   -7.70  0.15  0.31    0.76  0.46  6.38    656 1
KIKA    27.6722  39.1060    2.98    2.75  -21.77  -10.57  0.30  0.34   -0.29  0.97 15.04   2264 1
PRKV    26.2650  39.2457    5.23    0.12  -19.30  -13.44  0.21  0.23    0.61  0.76 17.25   3880 1
AYVL    26.6862  39.3114    4.83    1.30  -19.75  -12.19  0.24  0.27   -0.26  0.78 15.04   2140 1
KUT2    30.0336  39.3942    4.75    7.98  -20.31   -4.92  0.62  0.76    3.51  1.72  2.41    128 1
HYMN    32.4957  39.4347    3.84   10.70  -21.56   -1.73  0.26  0.26   -1.95  0.77  7.00   2225 0
SIHI    31.5353  39.4453    2.57    9.63  -22.70   -2.99  0.26  0.25    0.20  0.80  4.62   1647 0
SIH1    31.5363  39.4465    2.75    9.60  -22.52   -3.02  0.16  0.18    0.86  0.70  9.70    893 0
KUTA    29.8989  39.4809    2.47    8.79  -22.56   -4.13  0.27  0.33   -1.17  0.93  6.79   2058 1
BAL1    27.8927  39.6295    3.87    6.72  -20.85   -6.56  0.55  0.64   -0.25  1.90  3.36    196 1
BALK    27.8936  39.6394    3.61    6.69  -21.10   -6.59  0.25  0.26   -0.43  0.93  6.79   2121 1
HARC    29.1528  39.6777    2.77    8.63  -22.13   -4.43  0.26  0.18   -0.45  0.60 15.04   2539 1
ESKS    30.4636  39.7457    2.35    9.18  -22.73   -3.64  0.17  0.17    0.18  0.55 15.04   2504 1
ANK2    32.7753  39.8428    2.83    8.65  -22.56   -3.74  0.56  0.54    1.79  1.20  4.74   1063 0
ANRK    32.8462  39.8560    3.36   12.35  -22.04   -0.02  0.22  0.26   -0.20  0.82  6.79   2248 0
MOUD    25.2688  39.8736    7.67    0.86  -16.62  -12.87  1.23  1.01   -0.55  2.51  3.19    387 0
LDML    32.7586  39.8872    3.60   11.04  -21.79   -1.35  0.36  0.36   -2.33  1.29  4.10   1118 0
ANKR    32.7585  39.8874    1.88   11.29  -23.51   -1.10  0.17  0.19   -1.36  0.49 26.53   7684 0
LEMN    25.1806  39.8972    7.89   -0.79  -16.38  -14.53  0.21  0.32   -0.06  0.62 12.70   3731 0
YEN1    27.2589  39.9290    5.99    5.48  -18.60   -7.91  0.58  0.66    0.12  1.63  2.66    202 1
YENC    27.2417  39.9359    5.52    3.87  -19.06   -9.53  0.21  0.29   -0.76  0.88  6.79   2091 1
CANA    26.4143  40.1112    6.43    4.29  -18.00   -9.25  0.28  0.30    0.93  0.96  6.79   1903 1
BILE    29.9774  40.1415    2.49    9.07  -22.47   -3.84  0.17  0.19   -0.23  0.63 15.04   2427 1
NAHA    31.3321  40.1733    2.32    9.88  -22.83   -2.78  0.19  0.17    1.27  0.58 14.32   2479 0
GODA    25.9035  40.1972    6.39    4.51  -17.95   -9.12  0.60  0.57    0.17  1.92  3.33    200 0
BURS    29.0152  40.2143    3.06    9.23  -21.75   -3.85  0.35  0.34   -2.47  1.07 13.87   2044 1
BAND    27.9967  40.3312    5.45    7.59  -19.20   -5.68  0.25  0.35    2.88  1.20  4.98   1692 1
BNDR    27.9749  40.3487    5.18    8.54  -19.46   -4.73  0.40  0.56   -0.46  1.52  9.96    481 1
CMLD    32.4745  40.4910    4.40   10.03  -20.88   -2.41  0.17  0.15    0.29  0.62 15.04   2490 0
YLOV    29.2624  40.6491    8.58   11.91  -16.21   -1.13  0.47  0.61   -1.21  2.31  2.41    124 0
BOLU    31.6020  40.7335   12.29   13.10  -12.82    0.49  0.21  0.23    1.40  0.86  6.79   2302 0
BOL2    31.6065  40.7464   10.56   13.03  -14.56    0.42  0.55  0.56    3.94  1.74  3.41    188 0
UME4    29.4470  40.7843   18.22   11.94   -6.58   -1.06  0.94  0.99    1.15  4.39  1.36     65 0
TUBI    29.4507  40.7867   20.29   11.42   -4.51   -1.59  0.15  0.14   -1.21  0.50 25.13   7448 0
HEND    30.7407  40.7950   18.67   11.33   -6.32   -1.44  0.23  0.23   -0.49  0.72 13.97   2411 0
IZMT    29.9509  40.8020   19.86   11.35   -5.01   -1.57  0.25  0.25    0.00  0.80 14.32   2090 0
ALE3    25.8535  40.8492   23.64   12.31   -0.60   -1.32  0.43  0.74    0.73  1.80  9.71   1079 0
YSST    28.9909  40.8658   21.82   13.37   -2.90    0.28  0.40  0.44   -0.05  1.68  3.64    812 0
SVRT    28.9735  40.8747   22.86    8.22   -1.86   -4.87  1.83  1.86   -0.32  1.33  5.09    986 0
IPSA    26.3798  40.9175   22.68   11.52   -1.64   -2.02  0.23  0.26   -0.15  0.80  5.38   1745 0
IPS1    26.3855  40.9215   25.37   14.22    1.05    0.68  0.66  0.93   -2.17  3.49  1.40    281 0
IPS4    26.3853  40.9219   23.25   11.62   -1.06   -1.92  1.21  1.58   -2.90  5.28  2.21    126 0
KAV1    24.3873  40.9338   24.29    9.87    0.29   -4.00  0.18  0.23    0.32  0.71 14.03   2704 0
TEKR    27.4965  40.9583   23.32    9.90   -1.16   -3.45  0.20  0.21   -0.32  0.78 14.32   2335 0
ISTN    28.8316  40.9910   23.60   12.04   -1.08   -1.08  0.24  0.26   -0.68  0.76 15.04   2180 0
QIBP    29.1705  40.9963   21.74   13.61   -2.99    0.55  0.83  0.93   -1.16  3.44  2.72    387 0
YLDZ    28.8887  41.0232   23.91   12.87   -0.77   -0.23  0.53  0.58   -3.56  2.06  5.88    752 0
SLVR    28.2485  41.0761   23.32   26.79   -1.26   13.57  0.43  0.53   -8.29  1.80  2.66    204 0
ISTA    29.0193  41.1044   24.27   11.13   -0.42   -1.95  0.13  0.14    0.50  0.42 24.80   7805 0
KOMO    25.4059  41.1199   25.09   12.77    0.96   -0.94  0.55  0.48   -2.44  2.18  2.44    656 0
KOM1    25.3956  41.1224   23.64   11.56   -0.48   -2.15  0.70  0.68   -0.20  2.42  3.06    596 0
DUTH    24.9168  41.1402   24.33   10.85    0.28   -2.93  0.20  0.26    0.41  0.62 14.22   4991 0
DRAM    24.0689  41.1657   24.02   12.64    0.11   -1.28  0.52  0.86   -0.85  2.05  3.72    797 0
SLEE    29.6007  41.1687   25.17    9.19    0.41   -3.79  0.20  0.67   -0.62  0.70 14.32   2403 0
KRBK    32.6759  41.2316   22.90   13.00   -2.31    0.60  0.16  0.18    0.53  0.62 14.32   2424 0
KARB    28.6828  41.3471   24.68   11.57    0.08   -1.57  0.21  0.23    0.04  0.76 14.31   2158 0
ORE1    26.5458  41.4142   24.12   12.01   -0.15   -1.50  0.17  0.21    0.44  0.71 13.05   2274 0
SARY    27.9164  41.4430   24.36   11.86   -0.11   -1.42  0.22  0.22   -0.38  0.80 14.32   2317 0
ZONG    31.7782  41.4495   24.91   12.46   -0.14   -0.11  0.20  0.24   -5.61  0.75 14.32   2436 0
KRU1    25.6519  41.4735   24.28   12.50    0.16   -1.16  0.21  0.24    0.44  0.70 13.02   2468 0
SMLN    24.7115  41.5750   23.21   11.52   -0.74   -2.30  0.87  0.93    1.89  3.14  2.72    421 0
SMOL    24.7059  41.5775   23.02   10.16   -0.93   -3.66  0.78  0.91   -1.08  3.49  2.44    366 0
EDIR    26.5510  41.6767   24.05   15.21   -0.18    1.70  0.42  0.43   -1.99  0.71 15.04   2528 0
ROZH    24.7405  41.6956   24.12   11.55    0.18   -2.26  0.19  0.20    0.35  0.78 11.79   3210 0
KIRL    27.2180  41.7381   24.25   12.06   -0.08   -1.34  0.17  0.17    0.33  0.68 15.04   2487 0
SVIL    26.1962  41.7609   25.51   12.54    1.35   -1.03  0.41  0.35   -0.83  1.33  4.57   1394 0
KURU    32.7177  41.8461   24.32   13.42   -0.81    1.03  0.14  0.16   -0.47  0.57 14.32   2428 0
HARM    25.8463  41.8844   26.97   11.60    2.89   -2.04  2.21  1.79    2.51  4.80 11.03     12 0
HAR3    25.9165  41.9236   24.00   13.43   -0.09   -0.19  0.34  0.47    1.46  1.12 10.31   1433 0
