# GNSS velocities, Western Anatolia — extracted from NGL MIDAS (UNR)
# source : https://geodesy.unr.edu/velocities/midas.IGS14.txt  (MIDAS5)
# frames : IGS14 (=ITRF2014) and Eurasia-fixed (ITRF2014-PMM pole, Altamimi+2017)
# units  : mm/yr ; Eurasia omega(mas/yr)=(-0.085,-0.531,0.770)
# cols   : sta lon lat Ve_igs14 Vn_igs14 Ve_eur Vn_eur sVe sVn Vu sVu span_yr ngood in_tightbox
RODO    28.1617  36.2926   14.39  -11.86  -10.76  -25.09  0.32  0.32    0.32  1.06 13.40   1846 1
FINI    30.1464  36.3022   15.37    6.08  -10.04   -6.80  0.34  0.45   -1.81  1.17 15.04   2086 1
TILO    27.3937  36.3804   12.41  -16.54  -12.62  -29.91  0.26  0.26   -0.54  0.77 11.12   2731 1
ASTY    26.3533  36.5451    9.47  -15.18  -15.40  -28.73  1.52  1.44    3.47  5.01  7.04     72 1
AST5    26.3509  36.5486    9.41  -15.73  -15.46  -29.27  0.73  0.86   -1.96  2.77  3.72    498 1
NISY    27.1321  36.6109   11.35  -20.84  -13.63  -34.25  0.58  0.47   -9.27  0.83  6.43   1402 1
FETH    29.1238  36.6262   10.68   -2.28  -14.56  -15.35  0.25  0.29   -2.36  0.85 15.04   2271 1
DATC    27.6918  36.7086   10.68  -14.60  -14.36  -27.91  0.38  0.43   -3.85  1.74 15.08   2013 1
ANTA    30.6094  36.8285   12.40    5.79  -13.02   -7.01  0.41  0.37   -3.17  1.59  4.05   1012 1
ANTL    30.6664  36.8884   12.37    6.86  -13.06   -5.92  0.23  0.24   -1.92  0.78 15.04   2277 1
KALY    26.9762  36.9558    7.92  -13.75  -16.99  -27.19  0.53  0.65    0.19  2.44 10.80   1157 1
CAVD    29.6902  37.1564    8.02    4.43  -17.25   -8.53  0.36  0.43    0.51  1.35  3.88   1160 1
CAV1    29.6885  37.1593    7.65    3.76  -17.62   -9.20  0.38  0.55   -0.20  1.34  2.90    935 1
MUG1    28.3557  37.2143    5.55   -4.38  -19.52  -17.58  0.61  0.55   -0.28  1.92  2.66    217 1
MUGL    28.3644  37.2164    5.97   -4.92  -19.11  -18.12  0.42  0.52    0.11  1.02  6.79   2012 1
DIDI    27.2687  37.3721    5.76  -11.49  -19.15  -24.89  0.20  0.25   -2.30  0.70 15.04   2238 1
IKAR    26.2242  37.6282    6.24  -14.67  -18.49  -28.24  0.64  0.68    0.98  2.09  3.72    929 1
DNZL    29.0921  37.7621    4.43    1.86  -20.68  -11.21  0.33  0.49    4.58  1.10  6.79   2080 1
DNZ1    29.0437  37.7788    3.11    0.17  -22.00  -12.91  0.48  0.64   -3.78  2.20  3.33    218 1
ISPT    30.5670  37.7851    5.50    6.03  -19.82   -6.77  0.30  0.27   -1.79  0.84  6.79   2203 1
SAM3    26.7053  37.7928    4.81  -10.82  -19.96  -24.30  0.46  0.65    2.20  1.45 12.90   1980 1
AYD1    27.8379  37.8407    3.87   -3.57  -21.06  -16.86  0.26  0.26   -1.46  1.04  6.79   2119 1
DINA    30.1663  38.0695    4.70    6.63  -20.53   -6.25  0.22  0.23   -1.41  0.72 15.04   2456 1
CESM    26.3726  38.3038    5.05   -8.46  -19.61  -22.01  0.23  0.24   -1.17  0.86  6.79   2060 1
XIOS    26.1272  38.3679    5.24   -8.15  -19.38  -21.73  0.41  0.43    0.16  1.43 10.80   1632 1
IZMI    27.0818  38.3948    2.71   -3.29  -22.05  -16.71  0.20  0.22    0.08  0.71 16.13   4121 1
MNTS    26.7174  38.4266    4.65   -5.37  -20.05  -18.86  0.62  0.80   -3.61  2.25  1.49    326 1
SALH    28.1235  38.4831    0.17    1.61  -24.73  -11.63  0.32  0.28   -5.83  0.93 14.32   2292 1
USK1    29.3988  38.6790    5.99   12.66  -19.07   -0.36  0.70  0.54  -12.85  1.53  2.66    203 1
USAK    29.4052  38.6792    2.58    3.94  -22.47   -9.08  0.27  0.31    1.69  0.98  6.79   2091 1
AFYN    30.5610  38.7384    3.25    8.46  -21.97   -4.35  0.31  0.32   -1.08  0.74 15.04   2496 1
DEIR    28.6484  39.0349    1.89    5.42  -23.01   -7.73  0.27  0.29   -0.67  1.09  6.41   1744 1
DEI1    28.6627  39.0509    4.10    8.65  -20.81   -4.49  0.64  0.57   -3.44  1.92  3.41    201 1
LES4    26.5538  39.1001    7.86    5.81  -16.73   -7.70  0.15  0.31    0.76  0.46  6.38    656 1
KIKA    27.6722  39.1060    2.98    2.75  -21.77  -10.57  0.30  0.34   -0.29  0.97 15.04   2264 1
PRKV    26.2650  39.2457    5.23    0.12  -19.30  -13.44  0.21  0.23    0.61  0.76 17.25   3880 1
AYVL    26.6862  39.3114    4.83    1.30  -19.75  -12.19  0.24  0.27   -0.26  0.78 15.04   2140 1
KUT2    30.0336  39.3942    4.75    7.98  -20.31   -4.92  0.62  0.76    3.51  1.72  2.41    128 1
KUTA    29.8989  39.4809    2.47    8.79  -22.56   -4.13  0.27  0.33   -1.17  0.93  6.79   2058 1
BAL1    27.8927  39.6295    3.87    6.72  -20.85   -6.56  0.55  0.64   -0.25  1.90  3.36    196 1
BALK    27.8936  39.6394    3.61    6.69  -21.10   -6.59  0.25  0.26   -0.43  0.93  6.79   2121 1
HARC    29.1528  39.6777    2.77    8.63  -22.13   -4.43  0.26  0.18   -0.45  0.60 15.04   2539 1
ESKS    30.4636  39.7457    2.35    9.18  -22.73   -3.64  0.17  0.17    0.18  0.55 15.04   2504 1
YEN1    27.2589  39.9290    5.99    5.48  -18.60   -7.91  0.58  0.66    0.12  1.63  2.66    202 1
YENC    27.2417  39.9359    5.52    3.87  -19.06   -9.53  0.21  0.29   -0.76  0.88  6.79   2091 1
CANA    26.4143  40.1112    6.43    4.29  -18.00   -9.25  0.28  0.30    0.93  0.96  6.79   1903 1
BILE    29.9774  40.1415    2.49    9.07  -22.47   -3.84  0.17  0.19   -0.23  0.63 15.04   2427 1
BURS    29.0152  40.2143    3.06    9.23  -21.75   -3.85  0.35  0.34   -2.47  1.07 13.87   2044 1
BAND    27.9967  40.3312    5.45    7.59  -19.20   -5.68  0.25  0.35    2.88  1.20  4.98   1692 1
BNDR    27.9749  40.3487    5.18    8.54  -19.46   -4.73  0.40  0.56   -0.46  1.52  9.96    481 1
