29.570 39.098 25 290 45 -90  7.2
26.784 37.897 21 270 37 -95  7.0
30.134 38.063 33 130 45 -85  6.4
27.414 36.929  7 275 40 -90  6.6
29.784 37.585 22  45 50 -100 6.3
29.700 37.935 11 290 45 -90  5.9
29.531 37.408  8 300 50 -90  5.7
26.139 40.418  5  65 80 180  6.7
27.222 40.324 10  70 80 175  6.1
26.998 38.160 17 240 50 -110 6.1
26.527 38.808 23 250 45 -90  5.8
29.103 39.149  7 270 45 -90  5.8
28.808 39.071 20  95 50 -90  5.7
28.017 39.371 10 250 50 -90  6.1
28.243 39.194  8  70 55 -100 6.0
31.271 38.573  5 300 45 -120 6.5
30.902 38.632 10 300 50 -100 6.0
28.574 37.931  5 280 45 -90  5.7
28.139 37.004 17  90 45 -90  5.6
27.011 36.396 10 270 40 -90  5.6
27.103 36.147 33  60 60 -120 6.2
